SplitterH.X=832.830139
SplitterH.Y=480.500000
SplitterH.Height=1137.000000
ViewportType3=0
SplitterH.Width=20.000000
CameraSpeedScalar3=1.000000
SplitterV.X=0.000000
SplitterV.Width=1920.000000
CameraSpeedScalar2=2.598000
SplitterV.Y=549.388000
SplitterV.Height=20.000000
PerspectiveCameraRotX2=0.000000
ShowFlag1=15
CameraSpeedSetting0=1
CameraSpeedScalar0=3.798000
GridSize0=10.000000
PerspectiveCameraRotY2=0.926283
PerspectiveCameraLocX0=-3.492298
PerspectiveCameraLocY0=41.164597
PerspectiveCameraLocZ0=76.042976
ShowFlag3=15
CameraSpeedSetting2=1
PerspectiveCameraRotX0=0.000000
PerspectiveCameraLocX2=-28.107929
PerspectiveCameraRotY0=-2.400049
PerspectiveCameraRotZ0=-1087.129395
PerspectiveCameraRotX3=0.000000
CameraSpeedSetting1=1
ShowFlag0=31
bMutiView=0
ViewMode0=0
ViewportType0=0
CameraSpeedScalar1=0.198000
GridSize1=10.000000
PerspectiveCameraRotY3=20.400003
PerspectiveCameraLocX1=-0.324205
ScreenHeight=1
PerspectiveCameraLocY1=7.147606
PerspectiveCameraLocZ1=5.229637
CameraSpeedSetting3=1
ShowFlag2=15
PerspectiveCameraRotX1=0.000000
PerspectiveCameraLocX3=-3.661780
PerspectiveCameraRotY1=41.200016
PerspectiveCameraRotZ1=637.800903
ViewMode1=0
ViewportType1=0
GridSize2=10.000000
PerspectiveCameraLocY2=-27.869390
PerspectiveCameraLocZ2=25.837776
PerspectiveCameraRotZ2=0.770000
ScreenWidth=1
ViewMode2=0
ViewportType2=1
GridSize3=10.000000
PerspectiveCameraLocY3=-73.392967
PerspectiveCameraLocZ3=39.259811
PerspectiveCameraRotZ3=-265.100067
ViewMode3=0
OrthoZoomSize=203.200012
ActiveViewportIndex=1
OrthoPivotX=24.350012
OrthoPivotY=31.749950
OrthoPivotZ=19.579971
